*vertices 332
1.0
1.0
1.0
0.6
1.0
1.0
1.0
0.1206896551724138
0.8333333333333334
0.8333333333333334
1.0
1.0
0.12087912087912088
0
0
0.0
1.0
0
1.0
1.0
0
0.0
1.0
1.0
0
0.25
0
1.0
0.6666666666666666
1.0
0.3333333333333333
0.0
0.5
1.0
0.6666666666666666
0.6666666666666666
1.0
0.6666666666666666
1.0
0.9047619047619048
1.0
0
0
0
0.4444444444444444
0.8928571428571429
0.3201754385964913
0.6666666666666666
0.6666666666666666
0.7777777777777778
1.0
0
0.8
0.9047619047619048
0.8928571428571429
0.8
0.6666666666666666
0.8214285714285714
0.6444444444444444
0.6428571428571429
0.9333333333333333
0.7777777777777778
0.8055555555555556
1.0
0.33292682926829265
0.6666666666666666
0.3106893106893107
0.6666666666666667
0.8333333333333334
0.6666666666666666
0.4722222222222222
0.9047619047619048
0.6666666666666667
0.8
0.5
0.5333333333333333
0.8333333333333334
1.0
1.0
0.7555555555555555
0.8
0.5272727272727272
0.43809523809523815
1.0
0.5
1.0
0.6666666666666666
0
0
0.75
0.9673202614379084
0.9157894736842105
1.0
0.716577540106952
0.9090909090909091
0.8095238095238094
0.6666666666666666
1.0
0.9166666666666666
0.8095238095238094
0.8021978021978022
0.6666666666666666
1.0
0.6666666666666666
1.0
0.8666666666666666
1.0
0.8333333333333334
0.6040816326530613
1.0
0.8095238095238094
0.4008281573498965
1.0
0
1.0
0.6
0
0.14732561776665623
0.8842364532019704
0.6785714285714286
0
0
0.6246153846153846
1.0
0.7714285714285715
0.8571428571428571
1.0
0.8333333333333334
1.0
0.5555555555555556
0.6797979797979798
1.0
0.8095238095238095
1.0
0
0.7
0.6222222222222222
0.6666666666666666
0.5357142857142857
0.8666666666666666
1.0
0.36764705882352944
0.8205128205128206
0.2957334891876096
1.0
0.5444897959183673
0.41881501582994124
0.7333333333333333
1.0
0.5971014492753624
0.7
0.242964996568291
0.9444444444444444
0.5
0.0
0
0.75
0.5333333333333333
0.9021164021164021
1.0
0.5344827586206896
0.43892120571126386
0.3333333333333333
1.0
0
0.2630252100840336
0.6670731707317074
0.8571428571428572
0.9333333333333333
0.6666666666666667
0.0
0.7142857142857143
1.0
0.5275761973875182
0
0.4650273224043716
0.46365248226950356
0
0.6643437862950058
0
0.75
0.2459391443605582
0.7351778656126483
1.0
0
0.8333333333333334
0
0
0.8496732026143791
1.0
1.0
0.6666666666666666
0
0
1.0
0
0.8157894736842105
0.7575757575757577
1.0
0
0.29719051799824403
0.8011695906432749
0.6923076923076923
0.7142857142857143
1.0
0.6
1.0
0
1.0
0
0
0.9590643274853802
0.619047619047619
1.0
1.0
0.7
0.49155844155844153
0.7254901960784315
0.5518707482993197
1.0
0.42367346938775513
0.9333333333333333
1.0
0.8333333333333334
0.7802197802197802
1.0
0
1.0
0.5714285714285714
0.2710505212510024
0
0.5359408033826639
0.6047430830039526
1.0
1.0
1.0
0.9
0
0.6222222222222222
0.8928571428571429
0
0.7142857142857143
1.0
0
0.8602941176470589
0.8023715415019762
0
0.41905318527177093
0.7777777777777778
0.9120879120879122
0.8095238095238094
1.0
0.8744588744588745
0.7333333333333333
0.2401980198019802
0.6397058823529411
0
0.39887005649717516
0.8333333333333334
0.8181818181818181
0.18194987686513112
0.3974358974358974
0.6507936507936508
0
0
0.6666666666666666
0.8095238095238094
0
1.0
1.0
0.7222222222222222
0.5
0.6176470588235294
0.8461538461538461
0.8666666666666666
0.6764705882352942
0
0
0
0
0.7111111111111111
0
0.6111111111111112
0.7142857142857143
0
0.7777777777777778
1.0
0.5816993464052288
0
1.0
0
0.7765151515151515
0.3982020095187731
0
1.0
0.5270655270655271
0.7134502923976609
0.9523809523809524
0.5363636363636364
0.8571428571428571
0.7015098722415796
1.0
1.0
0
0.9824561403508772
0.9031339031339031
0.8620689655172413
1.0
1.0
0.8003565062388591
0.5938945420906567
1.0
0.3550724637681159
1.0
1.0
0.4
0.8333333333333334
0.6666666666666667
1.0
1.0
0.7047619047619047
0.8888888888888888
0
0.9
0.8928571428571429
0
0.3333333333333333
1.0
0.3333333333333333
1.0
1.0
0
