*vertices 332
0.025
0.025
0.0125
0.03
0.0125
0.025
0.025
0.04224137931034483
0.03125
0.03125
0.025
0.025
0.019642857142857142
0.0
0.0
0.0
0.025
0.0
0.025
0.025
0.0
0.0
0.0125
0.0125
0.0
0.021875
0.0
0.0125
0.025
0.0125
0.008333333333333333
0.0
0.01875
0.0125
0.016666666666666666
0.016666666666666666
0.0125
0.016666666666666666
0.025
0.06785714285714287
0.025
0.0
0.0
0.0
0.1
0.078125
0.2241228070175439
0.016666666666666666
0.025
0.0875
0.0375
0.0
0.04
0.06785714285714287
0.078125
0.05
0.025
0.071875
0.0725
0.05625
0.058333333333333334
0.0875
0.08055555555555556
0.025
0.16646341463414632
0.025
0.29903846153846153
0.04166666666666667
0.03125
0.016666666666666666
0.04722222222222222
0.06785714285714287
0.04166666666666667
0.04
0.05
0.03333333333333333
0.03125
0.025
0.025
0.08499999999999999
0.04
0.0659090909090909
0.07666666666666667
0.0125
0.025
0.025
0.016666666666666666
0.0
0.0
0.075
0.20555555555555555
0.21749999999999997
0.0375
0.29558823529411765
0.23863636363636362
0.06071428571428571
0.016666666666666666
0.0125
0.09166666666666666
0.06071428571428571
0.13035714285714287
0.025
0.0125
0.016666666666666666
0.025
0.05416666666666666
0.0125
0.03125
0.37
0.0125
0.06071428571428571
0.34571428571428575
0.0125
0.0
0.0125
0.0375
0.0
0.254136690647482
0.30948275862068964
0.059375
0.0
0.0
0.1951923076923077
0.0125
0.135
0.075
0.0375
0.08333333333333334
0.05
0.05555555555555556
0.3738888888888889
0.0375
0.14166666666666666
0.0125
0.0
0.034999999999999996
0.06999999999999999
0.016666666666666666
0.046875
0.05416666666666666
0.0125
0.07352941176470588
0.12307692307692308
0.21440677966101696
0.0375
0.3335
0.3455223880597015
0.04583333333333333
0.075
0.3358695652173913
0.034999999999999996
0.2824468085106383
0.09444444444444444
0.01875
0.0
0.0
0.075
0.03333333333333333
0.30446428571428574
0.0125
0.18706896551724136
0.3346774193548387
0.0125
0.025
0.0
0.2761764705882353
0.3335365853658537
0.0642857142857143
0.175
0.04166666666666667
0.0
0.30357142857142855
0.0375
0.3429245283018868
0.0
0.3487704918032787
0.27239583333333334
0.0
0.3404761904761905
0.0
0.065625
0.2859042553191489
0.20217391304347826
0.0375
0.0
0.03125
0.0
0.0
0.18055555555555555
0.025
0.05
0.075
0.0
0.0
0.0125
0.0
0.19375
0.10416666666666667
0.0125
0.0
0.2488970588235294
0.18026315789473685
0.21634615384615383
0.05357142857142857
0.0125
0.0375
0.0125
0.0
0.0125
0.0
0.0
0.21578947368421053
0.10833333333333332
0.0125
0.025
0.13125
0.33794642857142854
0.15416666666666667
0.3311224489795918
0.025
0.2595
0.10500000000000001
0.0125
0.03125
0.12678571428571428
0.025
0.0
0.0125
0.04285714285714286
0.29137931034482756
0.0
0.28806818181818183
0.16630434782608697
0.0125
0.0125
0.0125
0.045
0.0
0.06999999999999999
0.078125
0.0
0.05357142857142857
0.025
0.0
0.17205882352941176
0.22065217391304345
0.0
0.3038135593220339
0.07777777777777778
0.14821428571428572
0.06071428571428571
0.0375
0.22954545454545455
0.04583333333333333
0.30024752475247524
0.12794117647058822
0.0
0.2941666666666667
0.03125
0.10227272727272727
0.26610169491525426
0.05961538461538461
0.2847222222222222
0.0
0.0
0.05
0.06071428571428571
0.0
0.0125
0.0125
0.07222222222222222
0.025
0.12352941176470589
0.12692307692307692
0.05416666666666666
0.13529411764705884
0.0
0.0
0.0
0.0
0.08
0.0
0.061111111111111116
0.1875
0.0
0.0875
0.05
0.12361111111111112
0.0
0.0125
0.0
0.3106060606060606
0.3036290322580645
0.0
0.0125
0.1712962962962963
0.16052631578947368
0.07142857142857142
0.36875
0.075
0.3595238095238095
0.025
0.025
0.0
0.2210526315789474
0.2935185185185185
0.3017241379310345
0.05
0.0125
0.3301470588235294
0.3414893617021276
0.025
0.10208333333333333
0.025
0.025
0.045
0.03125
0.04166666666666667
0.025
0.0375
0.17619047619047618
0.08888888888888888
0.0
0.045
0.078125
0.0
0.0125
0.0125
0.0125
0.0125
0.0125
0.0
